{
 "cells": [
  {
   "cell_type": "markdown",
   "id": "734bd97c-cf4d-42c7-a77f-26e818f6fc71",
   "metadata": {
    "tags": []
   },
   "source": [
    "Importing"
   ]
  },
  {
   "cell_type": "code",
   "execution_count": 1,
   "id": "fb2fb2f6-990f-496b-bc31-70f636b66be5",
   "metadata": {
    "tags": []
   },
   "outputs": [],
   "source": [
    "import pandas as pd\n",
    "from sklearn.tree import DecisionTreeClassifier\n",
    "from sklearn.model_selection import train_test_split\n",
    "import numpy as np\n",
    "from sklearn.metrics import confusion_matrix, accuracy_score\n",
    "import matplotlib.pyplot as plt\n",
    "import itertools"
   ]
  },
  {
   "cell_type": "markdown",
   "id": "e1cdf572-88a8-475f-9b56-1168d72c108a",
   "metadata": {},
   "source": [
    "Reading dataset"
   ]
  },
  {
   "cell_type": "code",
   "execution_count": 190,
   "id": "bb8bcfc6-f9dc-4ceb-95c1-c104cd6424e3",
   "metadata": {},
   "outputs": [],
   "source": [
    "df=pd.read_csv(\"hepatitis.csv\")"
   ]
  },
  {
   "cell_type": "code",
   "execution_count": 191,
   "id": "cb818ac5-5bdb-416b-b6dc-fa2d4f342322",
   "metadata": {},
   "outputs": [
    {
     "data": {
      "text/html": [
       "<div>\n",
       "<style scoped>\n",
       "    .dataframe tbody tr th:only-of-type {\n",
       "        vertical-align: middle;\n",
       "    }\n",
       "\n",
       "    .dataframe tbody tr th {\n",
       "        vertical-align: top;\n",
       "    }\n",
       "\n",
       "    .dataframe thead th {\n",
       "        text-align: right;\n",
       "    }\n",
       "</style>\n",
       "<table border=\"1\" class=\"dataframe\">\n",
       "  <thead>\n",
       "    <tr style=\"text-align: right;\">\n",
       "      <th></th>\n",
       "      <th>age</th>\n",
       "      <th>sex</th>\n",
       "      <th>steroid</th>\n",
       "      <th>antivirals</th>\n",
       "      <th>fatigue</th>\n",
       "      <th>malaise</th>\n",
       "      <th>anorexia</th>\n",
       "      <th>liver_big</th>\n",
       "      <th>liver_firm</th>\n",
       "      <th>spleen_palpable</th>\n",
       "      <th>spiders</th>\n",
       "      <th>ascites</th>\n",
       "      <th>varices</th>\n",
       "      <th>bilirubin</th>\n",
       "      <th>alk_phosphate</th>\n",
       "      <th>sgot</th>\n",
       "      <th>albumin</th>\n",
       "      <th>protime</th>\n",
       "      <th>histology</th>\n",
       "      <th>class</th>\n",
       "    </tr>\n",
       "  </thead>\n",
       "  <tbody>\n",
       "    <tr>\n",
       "      <th>0</th>\n",
       "      <td>30</td>\n",
       "      <td>male</td>\n",
       "      <td>False</td>\n",
       "      <td>False</td>\n",
       "      <td>False</td>\n",
       "      <td>False</td>\n",
       "      <td>False</td>\n",
       "      <td>False</td>\n",
       "      <td>False</td>\n",
       "      <td>False</td>\n",
       "      <td>False</td>\n",
       "      <td>False</td>\n",
       "      <td>False</td>\n",
       "      <td>1.0</td>\n",
       "      <td>85.0</td>\n",
       "      <td>18.0</td>\n",
       "      <td>4.0</td>\n",
       "      <td>NaN</td>\n",
       "      <td>False</td>\n",
       "      <td>live</td>\n",
       "    </tr>\n",
       "    <tr>\n",
       "      <th>1</th>\n",
       "      <td>50</td>\n",
       "      <td>female</td>\n",
       "      <td>False</td>\n",
       "      <td>False</td>\n",
       "      <td>True</td>\n",
       "      <td>False</td>\n",
       "      <td>False</td>\n",
       "      <td>False</td>\n",
       "      <td>False</td>\n",
       "      <td>False</td>\n",
       "      <td>False</td>\n",
       "      <td>False</td>\n",
       "      <td>False</td>\n",
       "      <td>0.9</td>\n",
       "      <td>135.0</td>\n",
       "      <td>42.0</td>\n",
       "      <td>3.5</td>\n",
       "      <td>NaN</td>\n",
       "      <td>False</td>\n",
       "      <td>live</td>\n",
       "    </tr>\n",
       "    <tr>\n",
       "      <th>2</th>\n",
       "      <td>78</td>\n",
       "      <td>female</td>\n",
       "      <td>True</td>\n",
       "      <td>False</td>\n",
       "      <td>True</td>\n",
       "      <td>False</td>\n",
       "      <td>False</td>\n",
       "      <td>True</td>\n",
       "      <td>False</td>\n",
       "      <td>False</td>\n",
       "      <td>False</td>\n",
       "      <td>False</td>\n",
       "      <td>False</td>\n",
       "      <td>0.7</td>\n",
       "      <td>96.0</td>\n",
       "      <td>32.0</td>\n",
       "      <td>4.0</td>\n",
       "      <td>NaN</td>\n",
       "      <td>False</td>\n",
       "      <td>live</td>\n",
       "    </tr>\n",
       "    <tr>\n",
       "      <th>3</th>\n",
       "      <td>31</td>\n",
       "      <td>female</td>\n",
       "      <td>NaN</td>\n",
       "      <td>True</td>\n",
       "      <td>False</td>\n",
       "      <td>False</td>\n",
       "      <td>False</td>\n",
       "      <td>True</td>\n",
       "      <td>False</td>\n",
       "      <td>False</td>\n",
       "      <td>False</td>\n",
       "      <td>False</td>\n",
       "      <td>False</td>\n",
       "      <td>0.7</td>\n",
       "      <td>46.0</td>\n",
       "      <td>52.0</td>\n",
       "      <td>4.0</td>\n",
       "      <td>80.0</td>\n",
       "      <td>False</td>\n",
       "      <td>live</td>\n",
       "    </tr>\n",
       "    <tr>\n",
       "      <th>4</th>\n",
       "      <td>34</td>\n",
       "      <td>female</td>\n",
       "      <td>True</td>\n",
       "      <td>False</td>\n",
       "      <td>False</td>\n",
       "      <td>False</td>\n",
       "      <td>False</td>\n",
       "      <td>True</td>\n",
       "      <td>False</td>\n",
       "      <td>False</td>\n",
       "      <td>False</td>\n",
       "      <td>False</td>\n",
       "      <td>False</td>\n",
       "      <td>1.0</td>\n",
       "      <td>NaN</td>\n",
       "      <td>200.0</td>\n",
       "      <td>4.0</td>\n",
       "      <td>NaN</td>\n",
       "      <td>False</td>\n",
       "      <td>live</td>\n",
       "    </tr>\n",
       "  </tbody>\n",
       "</table>\n",
       "</div>"
      ],
      "text/plain": [
       "   age     sex steroid  antivirals fatigue malaise anorexia liver_big  \\\n",
       "0   30    male   False       False   False   False    False     False   \n",
       "1   50  female   False       False    True   False    False     False   \n",
       "2   78  female    True       False    True   False    False      True   \n",
       "3   31  female     NaN        True   False   False    False      True   \n",
       "4   34  female    True       False   False   False    False      True   \n",
       "\n",
       "  liver_firm spleen_palpable spiders ascites varices  bilirubin  \\\n",
       "0      False           False   False   False   False        1.0   \n",
       "1      False           False   False   False   False        0.9   \n",
       "2      False           False   False   False   False        0.7   \n",
       "3      False           False   False   False   False        0.7   \n",
       "4      False           False   False   False   False        1.0   \n",
       "\n",
       "   alk_phosphate   sgot  albumin  protime  histology class  \n",
       "0           85.0   18.0      4.0      NaN      False  live  \n",
       "1          135.0   42.0      3.5      NaN      False  live  \n",
       "2           96.0   32.0      4.0      NaN      False  live  \n",
       "3           46.0   52.0      4.0     80.0      False  live  \n",
       "4            NaN  200.0      4.0      NaN      False  live  "
      ]
     },
     "execution_count": 191,
     "metadata": {},
     "output_type": "execute_result"
    }
   ],
   "source": [
    "df.head()"
   ]
  },
  {
   "cell_type": "markdown",
   "id": "688beb58-bcfb-4ceb-b3d3-bd23c209586e",
   "metadata": {},
   "source": [
    "Check missing value"
   ]
  },
  {
   "cell_type": "code",
   "execution_count": 192,
   "id": "b4e9b5d9-c34d-40b3-bae4-60681a406ad6",
   "metadata": {},
   "outputs": [
    {
     "data": {
      "text/plain": [
       "age                 0\n",
       "sex                 0\n",
       "steroid             1\n",
       "antivirals          0\n",
       "fatigue             1\n",
       "malaise             1\n",
       "anorexia            1\n",
       "liver_big          10\n",
       "liver_firm         11\n",
       "spleen_palpable     5\n",
       "spiders             5\n",
       "ascites             5\n",
       "varices             5\n",
       "bilirubin           6\n",
       "alk_phosphate      29\n",
       "sgot                4\n",
       "albumin            16\n",
       "protime            67\n",
       "histology           0\n",
       "class               0\n",
       "dtype: int64"
      ]
     },
     "execution_count": 192,
     "metadata": {},
     "output_type": "execute_result"
    }
   ],
   "source": [
    "df.isna().sum()"
   ]
  },
  {
   "cell_type": "markdown",
   "id": "b37bb43c-8d51-45fa-917a-58158e4ef7d0",
   "metadata": {},
   "source": [
    "check for missing value precentage"
   ]
  },
  {
   "cell_type": "code",
   "execution_count": 193,
   "id": "17cb6b93-192b-4af9-a6e7-18786ae749d2",
   "metadata": {},
   "outputs": [
    {
     "data": {
      "text/plain": [
       "age                 0.000000\n",
       "sex                 0.000000\n",
       "steroid             0.645161\n",
       "antivirals          0.000000\n",
       "fatigue             0.645161\n",
       "malaise             0.645161\n",
       "anorexia            0.645161\n",
       "liver_big           6.451613\n",
       "liver_firm          7.096774\n",
       "spleen_palpable     3.225806\n",
       "spiders             3.225806\n",
       "ascites             3.225806\n",
       "varices             3.225806\n",
       "bilirubin           3.870968\n",
       "alk_phosphate      18.709677\n",
       "sgot                2.580645\n",
       "albumin            10.322581\n",
       "protime            43.225806\n",
       "histology           0.000000\n",
       "class               0.000000\n",
       "dtype: float64"
      ]
     },
     "execution_count": 193,
     "metadata": {},
     "output_type": "execute_result"
    }
   ],
   "source": [
    "df.isna().sum()/len(df)*100\n",
    "# 3 coloumns have more than 10% missing value so find correlation"
   ]
  },
  {
   "cell_type": "markdown",
   "id": "1ae226c1-0ecc-4a85-a81d-51de1c533ca7",
   "metadata": {},
   "source": [
    "Replace boolean value and gender and class to ordianal numerical values"
   ]
  },
  {
   "cell_type": "code",
   "execution_count": 194,
   "id": "f7ac0e24-c54e-454d-b02f-2e574b0825fb",
   "metadata": {},
   "outputs": [],
   "source": [
    "df=df.replace(to_replace=[False,True,\"male\",\"female\",\"live\",\"die\"],value=[0,1,0,1,1,0])"
   ]
  },
  {
   "cell_type": "markdown",
   "id": "9aa67b48-3942-4dc8-a2ca-fad6704094e6",
   "metadata": {},
   "source": [
    "check for correlcation"
   ]
  },
  {
   "cell_type": "code",
   "execution_count": 7,
   "id": "f81b0924-3006-4a71-ba12-53b92de0f589",
   "metadata": {},
   "outputs": [
    {
     "data": {
      "text/html": [
       "<div>\n",
       "<style scoped>\n",
       "    .dataframe tbody tr th:only-of-type {\n",
       "        vertical-align: middle;\n",
       "    }\n",
       "\n",
       "    .dataframe tbody tr th {\n",
       "        vertical-align: top;\n",
       "    }\n",
       "\n",
       "    .dataframe thead th {\n",
       "        text-align: right;\n",
       "    }\n",
       "</style>\n",
       "<table border=\"1\" class=\"dataframe\">\n",
       "  <thead>\n",
       "    <tr style=\"text-align: right;\">\n",
       "      <th></th>\n",
       "      <th>age</th>\n",
       "      <th>sex</th>\n",
       "      <th>steroid</th>\n",
       "      <th>antivirals</th>\n",
       "      <th>fatigue</th>\n",
       "      <th>malaise</th>\n",
       "      <th>anorexia</th>\n",
       "      <th>liver_big</th>\n",
       "      <th>liver_firm</th>\n",
       "      <th>spleen_palpable</th>\n",
       "      <th>spiders</th>\n",
       "      <th>ascites</th>\n",
       "      <th>varices</th>\n",
       "      <th>bilirubin</th>\n",
       "      <th>alk_phosphate</th>\n",
       "      <th>sgot</th>\n",
       "      <th>albumin</th>\n",
       "      <th>protime</th>\n",
       "      <th>histology</th>\n",
       "      <th>class</th>\n",
       "    </tr>\n",
       "  </thead>\n",
       "  <tbody>\n",
       "    <tr>\n",
       "      <th>age</th>\n",
       "      <td>1.000000</td>\n",
       "      <td>-0.008126</td>\n",
       "      <td>-0.085732</td>\n",
       "      <td>0.013100</td>\n",
       "      <td>0.282223</td>\n",
       "      <td>0.115236</td>\n",
       "      <td>-0.090394</td>\n",
       "      <td>-0.105480</td>\n",
       "      <td>0.109382</td>\n",
       "      <td>0.074853</td>\n",
       "      <td>0.179997</td>\n",
       "      <td>0.066220</td>\n",
       "      <td>0.048893</td>\n",
       "      <td>0.125463</td>\n",
       "      <td>0.008924</td>\n",
       "      <td>0.082545</td>\n",
       "      <td>-0.262981</td>\n",
       "      <td>-0.222233</td>\n",
       "      <td>0.170780</td>\n",
       "      <td>-0.219647</td>\n",
       "    </tr>\n",
       "    <tr>\n",
       "      <th>sex</th>\n",
       "      <td>-0.008126</td>\n",
       "      <td>1.000000</td>\n",
       "      <td>0.046989</td>\n",
       "      <td>-0.089249</td>\n",
       "      <td>-0.071822</td>\n",
       "      <td>-0.028820</td>\n",
       "      <td>0.017030</td>\n",
       "      <td>0.072336</td>\n",
       "      <td>-0.059761</td>\n",
       "      <td>-0.055556</td>\n",
       "      <td>-0.042220</td>\n",
       "      <td>0.130744</td>\n",
       "      <td>0.054707</td>\n",
       "      <td>0.056349</td>\n",
       "      <td>-0.074243</td>\n",
       "      <td>0.017652</td>\n",
       "      <td>-0.005828</td>\n",
       "      <td>0.011141</td>\n",
       "      <td>0.137450</td>\n",
       "      <td>-0.173051</td>\n",
       "    </tr>\n",
       "    <tr>\n",
       "      <th>steroid</th>\n",
       "      <td>-0.085732</td>\n",
       "      <td>0.046989</td>\n",
       "      <td>1.000000</td>\n",
       "      <td>-0.060101</td>\n",
       "      <td>-0.164326</td>\n",
       "      <td>-0.242942</td>\n",
       "      <td>-0.074380</td>\n",
       "      <td>0.214488</td>\n",
       "      <td>-0.086463</td>\n",
       "      <td>-0.077071</td>\n",
       "      <td>-0.028675</td>\n",
       "      <td>0.031453</td>\n",
       "      <td>0.074925</td>\n",
       "      <td>-0.050240</td>\n",
       "      <td>-0.040164</td>\n",
       "      <td>-0.042458</td>\n",
       "      <td>0.228148</td>\n",
       "      <td>0.102978</td>\n",
       "      <td>-0.090109</td>\n",
       "      <td>0.134700</td>\n",
       "    </tr>\n",
       "    <tr>\n",
       "      <th>antivirals</th>\n",
       "      <td>0.013100</td>\n",
       "      <td>-0.089249</td>\n",
       "      <td>-0.060101</td>\n",
       "      <td>1.000000</td>\n",
       "      <td>-0.059445</td>\n",
       "      <td>-0.018540</td>\n",
       "      <td>-0.043552</td>\n",
       "      <td>-0.042350</td>\n",
       "      <td>0.075593</td>\n",
       "      <td>-0.172756</td>\n",
       "      <td>-0.159695</td>\n",
       "      <td>-0.171184</td>\n",
       "      <td>-0.161165</td>\n",
       "      <td>-0.185023</td>\n",
       "      <td>-0.205236</td>\n",
       "      <td>-0.108138</td>\n",
       "      <td>0.170074</td>\n",
       "      <td>0.030287</td>\n",
       "      <td>-0.209242</td>\n",
       "      <td>0.130196</td>\n",
       "    </tr>\n",
       "    <tr>\n",
       "      <th>fatigue</th>\n",
       "      <td>0.282223</td>\n",
       "      <td>-0.071822</td>\n",
       "      <td>-0.164326</td>\n",
       "      <td>-0.059445</td>\n",
       "      <td>1.000000</td>\n",
       "      <td>0.595142</td>\n",
       "      <td>0.376350</td>\n",
       "      <td>-0.112892</td>\n",
       "      <td>0.272435</td>\n",
       "      <td>0.195256</td>\n",
       "      <td>0.383333</td>\n",
       "      <td>0.289931</td>\n",
       "      <td>0.187125</td>\n",
       "      <td>0.278918</td>\n",
       "      <td>0.165744</td>\n",
       "      <td>0.202089</td>\n",
       "      <td>-0.328319</td>\n",
       "      <td>-0.279844</td>\n",
       "      <td>0.151556</td>\n",
       "      <td>-0.309269</td>\n",
       "    </tr>\n",
       "    <tr>\n",
       "      <th>malaise</th>\n",
       "      <td>0.115236</td>\n",
       "      <td>-0.028820</td>\n",
       "      <td>-0.242942</td>\n",
       "      <td>-0.018540</td>\n",
       "      <td>0.595142</td>\n",
       "      <td>1.000000</td>\n",
       "      <td>0.599647</td>\n",
       "      <td>-0.057090</td>\n",
       "      <td>0.118382</td>\n",
       "      <td>0.013690</td>\n",
       "      <td>0.325979</td>\n",
       "      <td>0.332910</td>\n",
       "      <td>0.170193</td>\n",
       "      <td>0.299602</td>\n",
       "      <td>0.215880</td>\n",
       "      <td>0.205128</td>\n",
       "      <td>-0.307685</td>\n",
       "      <td>-0.263691</td>\n",
       "      <td>0.140592</td>\n",
       "      <td>-0.337859</td>\n",
       "    </tr>\n",
       "    <tr>\n",
       "      <th>anorexia</th>\n",
       "      <td>-0.090394</td>\n",
       "      <td>0.017030</td>\n",
       "      <td>-0.074380</td>\n",
       "      <td>-0.043552</td>\n",
       "      <td>0.376350</td>\n",
       "      <td>0.599647</td>\n",
       "      <td>1.000000</td>\n",
       "      <td>-0.091287</td>\n",
       "      <td>0.067320</td>\n",
       "      <td>0.041667</td>\n",
       "      <td>0.309614</td>\n",
       "      <td>0.196116</td>\n",
       "      <td>0.174380</td>\n",
       "      <td>0.303109</td>\n",
       "      <td>0.181680</td>\n",
       "      <td>0.238408</td>\n",
       "      <td>-0.163661</td>\n",
       "      <td>-0.063001</td>\n",
       "      <td>0.078895</td>\n",
       "      <td>-0.132172</td>\n",
       "    </tr>\n",
       "    <tr>\n",
       "      <th>liver_big</th>\n",
       "      <td>-0.105480</td>\n",
       "      <td>0.072336</td>\n",
       "      <td>0.214488</td>\n",
       "      <td>-0.042350</td>\n",
       "      <td>-0.112892</td>\n",
       "      <td>-0.057090</td>\n",
       "      <td>-0.091287</td>\n",
       "      <td>1.000000</td>\n",
       "      <td>-0.467950</td>\n",
       "      <td>-0.099083</td>\n",
       "      <td>-0.220389</td>\n",
       "      <td>0.110876</td>\n",
       "      <td>0.062366</td>\n",
       "      <td>-0.002392</td>\n",
       "      <td>-0.130565</td>\n",
       "      <td>0.043023</td>\n",
       "      <td>-0.057578</td>\n",
       "      <td>-0.089997</td>\n",
       "      <td>-0.072269</td>\n",
       "      <td>-0.077630</td>\n",
       "    </tr>\n",
       "    <tr>\n",
       "      <th>liver_firm</th>\n",
       "      <td>0.109382</td>\n",
       "      <td>-0.059761</td>\n",
       "      <td>-0.086463</td>\n",
       "      <td>0.075593</td>\n",
       "      <td>0.272435</td>\n",
       "      <td>0.118382</td>\n",
       "      <td>0.067320</td>\n",
       "      <td>-0.467950</td>\n",
       "      <td>1.000000</td>\n",
       "      <td>0.187541</td>\n",
       "      <td>0.355901</td>\n",
       "      <td>0.037966</td>\n",
       "      <td>0.189999</td>\n",
       "      <td>0.060703</td>\n",
       "      <td>0.356068</td>\n",
       "      <td>0.138305</td>\n",
       "      <td>-0.199022</td>\n",
       "      <td>-0.056773</td>\n",
       "      <td>0.191663</td>\n",
       "      <td>-0.063155</td>\n",
       "    </tr>\n",
       "    <tr>\n",
       "      <th>spleen_palpable</th>\n",
       "      <td>0.074853</td>\n",
       "      <td>-0.055556</td>\n",
       "      <td>-0.077071</td>\n",
       "      <td>-0.172756</td>\n",
       "      <td>0.195256</td>\n",
       "      <td>0.013690</td>\n",
       "      <td>0.041667</td>\n",
       "      <td>-0.099083</td>\n",
       "      <td>0.187541</td>\n",
       "      <td>1.000000</td>\n",
       "      <td>0.274430</td>\n",
       "      <td>0.098058</td>\n",
       "      <td>0.225668</td>\n",
       "      <td>0.220918</td>\n",
       "      <td>0.287592</td>\n",
       "      <td>0.002040</td>\n",
       "      <td>-0.244432</td>\n",
       "      <td>-0.158683</td>\n",
       "      <td>0.207331</td>\n",
       "      <td>-0.238734</td>\n",
       "    </tr>\n",
       "    <tr>\n",
       "      <th>spiders</th>\n",
       "      <td>0.179997</td>\n",
       "      <td>-0.042220</td>\n",
       "      <td>-0.028675</td>\n",
       "      <td>-0.159695</td>\n",
       "      <td>0.383333</td>\n",
       "      <td>0.325979</td>\n",
       "      <td>0.309614</td>\n",
       "      <td>-0.220389</td>\n",
       "      <td>0.355901</td>\n",
       "      <td>0.274430</td>\n",
       "      <td>1.000000</td>\n",
       "      <td>0.298081</td>\n",
       "      <td>0.384573</td>\n",
       "      <td>0.292789</td>\n",
       "      <td>0.301574</td>\n",
       "      <td>0.121296</td>\n",
       "      <td>-0.319635</td>\n",
       "      <td>-0.304143</td>\n",
       "      <td>0.354094</td>\n",
       "      <td>-0.398308</td>\n",
       "    </tr>\n",
       "    <tr>\n",
       "      <th>ascites</th>\n",
       "      <td>0.066220</td>\n",
       "      <td>0.130744</td>\n",
       "      <td>0.031453</td>\n",
       "      <td>-0.171184</td>\n",
       "      <td>0.289931</td>\n",
       "      <td>0.332910</td>\n",
       "      <td>0.196116</td>\n",
       "      <td>0.110876</td>\n",
       "      <td>0.037966</td>\n",
       "      <td>0.098058</td>\n",
       "      <td>0.298081</td>\n",
       "      <td>1.000000</td>\n",
       "      <td>0.337963</td>\n",
       "      <td>0.304034</td>\n",
       "      <td>0.145667</td>\n",
       "      <td>-0.020863</td>\n",
       "      <td>-0.549335</td>\n",
       "      <td>-0.345192</td>\n",
       "      <td>0.346274</td>\n",
       "      <td>-0.477882</td>\n",
       "    </tr>\n",
       "    <tr>\n",
       "      <th>varices</th>\n",
       "      <td>0.048893</td>\n",
       "      <td>0.054707</td>\n",
       "      <td>0.074925</td>\n",
       "      <td>-0.161165</td>\n",
       "      <td>0.187125</td>\n",
       "      <td>0.170193</td>\n",
       "      <td>0.174380</td>\n",
       "      <td>0.062366</td>\n",
       "      <td>0.189999</td>\n",
       "      <td>0.225668</td>\n",
       "      <td>0.384573</td>\n",
       "      <td>0.337963</td>\n",
       "      <td>1.000000</td>\n",
       "      <td>0.405719</td>\n",
       "      <td>0.307588</td>\n",
       "      <td>0.030698</td>\n",
       "      <td>-0.356660</td>\n",
       "      <td>-0.294250</td>\n",
       "      <td>0.358936</td>\n",
       "      <td>-0.368846</td>\n",
       "    </tr>\n",
       "    <tr>\n",
       "      <th>bilirubin</th>\n",
       "      <td>0.125463</td>\n",
       "      <td>0.056349</td>\n",
       "      <td>-0.050240</td>\n",
       "      <td>-0.185023</td>\n",
       "      <td>0.278918</td>\n",
       "      <td>0.299602</td>\n",
       "      <td>0.303109</td>\n",
       "      <td>-0.002392</td>\n",
       "      <td>0.060703</td>\n",
       "      <td>0.220918</td>\n",
       "      <td>0.292789</td>\n",
       "      <td>0.304034</td>\n",
       "      <td>0.405719</td>\n",
       "      <td>1.000000</td>\n",
       "      <td>0.220062</td>\n",
       "      <td>0.232967</td>\n",
       "      <td>-0.377318</td>\n",
       "      <td>-0.302608</td>\n",
       "      <td>0.262428</td>\n",
       "      <td>-0.463752</td>\n",
       "    </tr>\n",
       "    <tr>\n",
       "      <th>alk_phosphate</th>\n",
       "      <td>0.008924</td>\n",
       "      <td>-0.074243</td>\n",
       "      <td>-0.040164</td>\n",
       "      <td>-0.205236</td>\n",
       "      <td>0.165744</td>\n",
       "      <td>0.215880</td>\n",
       "      <td>0.181680</td>\n",
       "      <td>-0.130565</td>\n",
       "      <td>0.356068</td>\n",
       "      <td>0.287592</td>\n",
       "      <td>0.301574</td>\n",
       "      <td>0.145667</td>\n",
       "      <td>0.307588</td>\n",
       "      <td>0.220062</td>\n",
       "      <td>1.000000</td>\n",
       "      <td>0.239581</td>\n",
       "      <td>-0.403857</td>\n",
       "      <td>-0.226846</td>\n",
       "      <td>0.284914</td>\n",
       "      <td>-0.161204</td>\n",
       "    </tr>\n",
       "    <tr>\n",
       "      <th>sgot</th>\n",
       "      <td>0.082545</td>\n",
       "      <td>0.017652</td>\n",
       "      <td>-0.042458</td>\n",
       "      <td>-0.108138</td>\n",
       "      <td>0.202089</td>\n",
       "      <td>0.205128</td>\n",
       "      <td>0.238408</td>\n",
       "      <td>0.043023</td>\n",
       "      <td>0.138305</td>\n",
       "      <td>0.002040</td>\n",
       "      <td>0.121296</td>\n",
       "      <td>-0.020863</td>\n",
       "      <td>0.030698</td>\n",
       "      <td>0.232967</td>\n",
       "      <td>0.239581</td>\n",
       "      <td>1.000000</td>\n",
       "      <td>-0.136276</td>\n",
       "      <td>-0.189149</td>\n",
       "      <td>0.131125</td>\n",
       "      <td>-0.077678</td>\n",
       "    </tr>\n",
       "    <tr>\n",
       "      <th>albumin</th>\n",
       "      <td>-0.262981</td>\n",
       "      <td>-0.005828</td>\n",
       "      <td>0.228148</td>\n",
       "      <td>0.170074</td>\n",
       "      <td>-0.328319</td>\n",
       "      <td>-0.307685</td>\n",
       "      <td>-0.163661</td>\n",
       "      <td>-0.057578</td>\n",
       "      <td>-0.199022</td>\n",
       "      <td>-0.244432</td>\n",
       "      <td>-0.319635</td>\n",
       "      <td>-0.549335</td>\n",
       "      <td>-0.356660</td>\n",
       "      <td>-0.377318</td>\n",
       "      <td>-0.403857</td>\n",
       "      <td>-0.136276</td>\n",
       "      <td>1.000000</td>\n",
       "      <td>0.424419</td>\n",
       "      <td>-0.324751</td>\n",
       "      <td>0.503272</td>\n",
       "    </tr>\n",
       "    <tr>\n",
       "      <th>protime</th>\n",
       "      <td>-0.222233</td>\n",
       "      <td>0.011141</td>\n",
       "      <td>0.102978</td>\n",
       "      <td>0.030287</td>\n",
       "      <td>-0.279844</td>\n",
       "      <td>-0.263691</td>\n",
       "      <td>-0.063001</td>\n",
       "      <td>-0.089997</td>\n",
       "      <td>-0.056773</td>\n",
       "      <td>-0.158683</td>\n",
       "      <td>-0.304143</td>\n",
       "      <td>-0.345192</td>\n",
       "      <td>-0.294250</td>\n",
       "      <td>-0.302608</td>\n",
       "      <td>-0.226846</td>\n",
       "      <td>-0.189149</td>\n",
       "      <td>0.424419</td>\n",
       "      <td>1.000000</td>\n",
       "      <td>-0.312062</td>\n",
       "      <td>0.409160</td>\n",
       "    </tr>\n",
       "    <tr>\n",
       "      <th>histology</th>\n",
       "      <td>0.170780</td>\n",
       "      <td>0.137450</td>\n",
       "      <td>-0.090109</td>\n",
       "      <td>-0.209242</td>\n",
       "      <td>0.151556</td>\n",
       "      <td>0.140592</td>\n",
       "      <td>0.078895</td>\n",
       "      <td>-0.072269</td>\n",
       "      <td>0.191663</td>\n",
       "      <td>0.207331</td>\n",
       "      <td>0.354094</td>\n",
       "      <td>0.346274</td>\n",
       "      <td>0.358936</td>\n",
       "      <td>0.262428</td>\n",
       "      <td>0.284914</td>\n",
       "      <td>0.131125</td>\n",
       "      <td>-0.324751</td>\n",
       "      <td>-0.312062</td>\n",
       "      <td>1.000000</td>\n",
       "      <td>-0.337856</td>\n",
       "    </tr>\n",
       "    <tr>\n",
       "      <th>class</th>\n",
       "      <td>-0.219647</td>\n",
       "      <td>-0.173051</td>\n",
       "      <td>0.134700</td>\n",
       "      <td>0.130196</td>\n",
       "      <td>-0.309269</td>\n",
       "      <td>-0.337859</td>\n",
       "      <td>-0.132172</td>\n",
       "      <td>-0.077630</td>\n",
       "      <td>-0.063155</td>\n",
       "      <td>-0.238734</td>\n",
       "      <td>-0.398308</td>\n",
       "      <td>-0.477882</td>\n",
       "      <td>-0.368846</td>\n",
       "      <td>-0.463752</td>\n",
       "      <td>-0.161204</td>\n",
       "      <td>-0.077678</td>\n",
       "      <td>0.503272</td>\n",
       "      <td>0.409160</td>\n",
       "      <td>-0.337856</td>\n",
       "      <td>1.000000</td>\n",
       "    </tr>\n",
       "  </tbody>\n",
       "</table>\n",
       "</div>"
      ],
      "text/plain": [
       "                      age       sex   steroid  antivirals   fatigue   malaise  \\\n",
       "age              1.000000 -0.008126 -0.085732    0.013100  0.282223  0.115236   \n",
       "sex             -0.008126  1.000000  0.046989   -0.089249 -0.071822 -0.028820   \n",
       "steroid         -0.085732  0.046989  1.000000   -0.060101 -0.164326 -0.242942   \n",
       "antivirals       0.013100 -0.089249 -0.060101    1.000000 -0.059445 -0.018540   \n",
       "fatigue          0.282223 -0.071822 -0.164326   -0.059445  1.000000  0.595142   \n",
       "malaise          0.115236 -0.028820 -0.242942   -0.018540  0.595142  1.000000   \n",
       "anorexia        -0.090394  0.017030 -0.074380   -0.043552  0.376350  0.599647   \n",
       "liver_big       -0.105480  0.072336  0.214488   -0.042350 -0.112892 -0.057090   \n",
       "liver_firm       0.109382 -0.059761 -0.086463    0.075593  0.272435  0.118382   \n",
       "spleen_palpable  0.074853 -0.055556 -0.077071   -0.172756  0.195256  0.013690   \n",
       "spiders          0.179997 -0.042220 -0.028675   -0.159695  0.383333  0.325979   \n",
       "ascites          0.066220  0.130744  0.031453   -0.171184  0.289931  0.332910   \n",
       "varices          0.048893  0.054707  0.074925   -0.161165  0.187125  0.170193   \n",
       "bilirubin        0.125463  0.056349 -0.050240   -0.185023  0.278918  0.299602   \n",
       "alk_phosphate    0.008924 -0.074243 -0.040164   -0.205236  0.165744  0.215880   \n",
       "sgot             0.082545  0.017652 -0.042458   -0.108138  0.202089  0.205128   \n",
       "albumin         -0.262981 -0.005828  0.228148    0.170074 -0.328319 -0.307685   \n",
       "protime         -0.222233  0.011141  0.102978    0.030287 -0.279844 -0.263691   \n",
       "histology        0.170780  0.137450 -0.090109   -0.209242  0.151556  0.140592   \n",
       "class           -0.219647 -0.173051  0.134700    0.130196 -0.309269 -0.337859   \n",
       "\n",
       "                 anorexia  liver_big  liver_firm  spleen_palpable   spiders  \\\n",
       "age             -0.090394  -0.105480    0.109382         0.074853  0.179997   \n",
       "sex              0.017030   0.072336   -0.059761        -0.055556 -0.042220   \n",
       "steroid         -0.074380   0.214488   -0.086463        -0.077071 -0.028675   \n",
       "antivirals      -0.043552  -0.042350    0.075593        -0.172756 -0.159695   \n",
       "fatigue          0.376350  -0.112892    0.272435         0.195256  0.383333   \n",
       "malaise          0.599647  -0.057090    0.118382         0.013690  0.325979   \n",
       "anorexia         1.000000  -0.091287    0.067320         0.041667  0.309614   \n",
       "liver_big       -0.091287   1.000000   -0.467950        -0.099083 -0.220389   \n",
       "liver_firm       0.067320  -0.467950    1.000000         0.187541  0.355901   \n",
       "spleen_palpable  0.041667  -0.099083    0.187541         1.000000  0.274430   \n",
       "spiders          0.309614  -0.220389    0.355901         0.274430  1.000000   \n",
       "ascites          0.196116   0.110876    0.037966         0.098058  0.298081   \n",
       "varices          0.174380   0.062366    0.189999         0.225668  0.384573   \n",
       "bilirubin        0.303109  -0.002392    0.060703         0.220918  0.292789   \n",
       "alk_phosphate    0.181680  -0.130565    0.356068         0.287592  0.301574   \n",
       "sgot             0.238408   0.043023    0.138305         0.002040  0.121296   \n",
       "albumin         -0.163661  -0.057578   -0.199022        -0.244432 -0.319635   \n",
       "protime         -0.063001  -0.089997   -0.056773        -0.158683 -0.304143   \n",
       "histology        0.078895  -0.072269    0.191663         0.207331  0.354094   \n",
       "class           -0.132172  -0.077630   -0.063155        -0.238734 -0.398308   \n",
       "\n",
       "                  ascites   varices  bilirubin  alk_phosphate      sgot  \\\n",
       "age              0.066220  0.048893   0.125463       0.008924  0.082545   \n",
       "sex              0.130744  0.054707   0.056349      -0.074243  0.017652   \n",
       "steroid          0.031453  0.074925  -0.050240      -0.040164 -0.042458   \n",
       "antivirals      -0.171184 -0.161165  -0.185023      -0.205236 -0.108138   \n",
       "fatigue          0.289931  0.187125   0.278918       0.165744  0.202089   \n",
       "malaise          0.332910  0.170193   0.299602       0.215880  0.205128   \n",
       "anorexia         0.196116  0.174380   0.303109       0.181680  0.238408   \n",
       "liver_big        0.110876  0.062366  -0.002392      -0.130565  0.043023   \n",
       "liver_firm       0.037966  0.189999   0.060703       0.356068  0.138305   \n",
       "spleen_palpable  0.098058  0.225668   0.220918       0.287592  0.002040   \n",
       "spiders          0.298081  0.384573   0.292789       0.301574  0.121296   \n",
       "ascites          1.000000  0.337963   0.304034       0.145667 -0.020863   \n",
       "varices          0.337963  1.000000   0.405719       0.307588  0.030698   \n",
       "bilirubin        0.304034  0.405719   1.000000       0.220062  0.232967   \n",
       "alk_phosphate    0.145667  0.307588   0.220062       1.000000  0.239581   \n",
       "sgot            -0.020863  0.030698   0.232967       0.239581  1.000000   \n",
       "albumin         -0.549335 -0.356660  -0.377318      -0.403857 -0.136276   \n",
       "protime         -0.345192 -0.294250  -0.302608      -0.226846 -0.189149   \n",
       "histology        0.346274  0.358936   0.262428       0.284914  0.131125   \n",
       "class           -0.477882 -0.368846  -0.463752      -0.161204 -0.077678   \n",
       "\n",
       "                  albumin   protime  histology     class  \n",
       "age             -0.262981 -0.222233   0.170780 -0.219647  \n",
       "sex             -0.005828  0.011141   0.137450 -0.173051  \n",
       "steroid          0.228148  0.102978  -0.090109  0.134700  \n",
       "antivirals       0.170074  0.030287  -0.209242  0.130196  \n",
       "fatigue         -0.328319 -0.279844   0.151556 -0.309269  \n",
       "malaise         -0.307685 -0.263691   0.140592 -0.337859  \n",
       "anorexia        -0.163661 -0.063001   0.078895 -0.132172  \n",
       "liver_big       -0.057578 -0.089997  -0.072269 -0.077630  \n",
       "liver_firm      -0.199022 -0.056773   0.191663 -0.063155  \n",
       "spleen_palpable -0.244432 -0.158683   0.207331 -0.238734  \n",
       "spiders         -0.319635 -0.304143   0.354094 -0.398308  \n",
       "ascites         -0.549335 -0.345192   0.346274 -0.477882  \n",
       "varices         -0.356660 -0.294250   0.358936 -0.368846  \n",
       "bilirubin       -0.377318 -0.302608   0.262428 -0.463752  \n",
       "alk_phosphate   -0.403857 -0.226846   0.284914 -0.161204  \n",
       "sgot            -0.136276 -0.189149   0.131125 -0.077678  \n",
       "albumin          1.000000  0.424419  -0.324751  0.503272  \n",
       "protime          0.424419  1.000000  -0.312062  0.409160  \n",
       "histology       -0.324751 -0.312062   1.000000 -0.337856  \n",
       "class            0.503272  0.409160  -0.337856  1.000000  "
      ]
     },
     "execution_count": 7,
     "metadata": {},
     "output_type": "execute_result"
    }
   ],
   "source": [
    "df.corr()\n",
    "#alk_phosphate gonna be handled\n",
    "#albumin  gonna be handled\n",
    "#protime gonna be handled\n"
   ]
  },
  {
   "cell_type": "markdown",
   "id": "fb95ad94-ca9b-4cfd-a33f-a3c936d5ac96",
   "metadata": {},
   "source": [
    "Handle boolean values with mode"
   ]
  },
  {
   "cell_type": "code",
   "execution_count": 8,
   "id": "33ac574f-7776-4d4e-9f82-d18d5f630b14",
   "metadata": {},
   "outputs": [],
   "source": [
    "df['steroid']=df['steroid'].fillna(df['steroid'].mode()[0])\n",
    "df['fatigue']=df['fatigue'].fillna(df['fatigue'].mode()[0])\n",
    "df['malaise']=df['malaise'].fillna(df['malaise'].mode()[0])\n",
    "df['anorexia']=df['anorexia'].fillna(df['anorexia'].mode()[0])\n",
    "df['liver_big']=df['liver_big'].fillna(df['liver_big'].mode()[0])\n",
    "df['liver_firm']=df['liver_firm'].fillna(df['liver_firm'].mode()[0])\n",
    "df['spleen_palpable']=df['spleen_palpable'].fillna(df['spleen_palpable'].mode()[0])\n",
    "df['spiders']=df['spiders'].fillna(df['spiders'].mode()[0])\n",
    "df['ascites']=df['ascites'].fillna(df['ascites'].mode()[0])\n",
    "df['varices']=df['varices'].fillna(df['varices'].mode()[0])\n",
    "\n"
   ]
  },
  {
   "cell_type": "markdown",
   "id": "0cefa5eb-7bb9-4f9a-bfb1-d6cbe204f756",
   "metadata": {},
   "source": [
    "Handle constant values with mean"
   ]
  },
  {
   "cell_type": "code",
   "execution_count": 9,
   "id": "606fe51c-a307-49ca-838c-06b18c8eaad0",
   "metadata": {},
   "outputs": [],
   "source": [
    "df['bilirubin']=df['bilirubin'].fillna(df['bilirubin'].mean())\n",
    "df['alk_phosphate']=df['alk_phosphate'].fillna(df['alk_phosphate'].mean())\n",
    "df['sgot']=df['sgot'].fillna(df['sgot'].mean())\n",
    "df['albumin']=df['albumin'].fillna(df['albumin'].mean())\n",
    "df['protime']=df['protime'].fillna(df['protime'].mean())"
   ]
  },
  {
   "cell_type": "markdown",
   "id": "2a40db5b-0c8e-4d9e-ad67-efb6da38b513",
   "metadata": {},
   "source": [
    "check for correlation after handling the missing data and seprate features and labels"
   ]
  },
  {
   "cell_type": "code",
   "execution_count": 10,
   "id": "e97d490f-32fd-4f13-baca-d10766840857",
   "metadata": {},
   "outputs": [],
   "source": [
    "df.corr()\n",
    "#fatigue\tmalaise\t is high 59% may bias the data\n",
    "#fatigue anorexia is high  60% may bias the data\n",
    "#x=df.drop([\"fatigue\",\"class\"],axis=1)#trial 1\n",
    "#x=df.drop([\"malaise\",\"class\"],axis=1)\n",
    "x=df.drop([\"anorexia\",\"class\"],axis=1)\n",
    "y=df[\"class\"]"
   ]
  },
  {
   "cell_type": "markdown",
   "id": "868b2a62-8c63-4b83-b71f-833bb6108636",
   "metadata": {},
   "source": [
    "choose the model"
   ]
  },
  {
   "cell_type": "code",
   "execution_count": 11,
   "id": "5256f6a9-aaf6-4983-bc9a-88157bd7590b",
   "metadata": {},
   "outputs": [],
   "source": [
    "model= DecisionTreeClassifier()"
   ]
  },
  {
   "cell_type": "markdown",
   "id": "4cb6efb9-7ffb-4fb3-bf74-305b62a2fb24",
   "metadata": {},
   "source": [
    "Train test split"
   ]
  },
  {
   "cell_type": "code",
   "execution_count": 185,
   "id": "7770d659-aa6f-45c6-9415-5cbeeeef88ea",
   "metadata": {},
   "outputs": [],
   "source": [
    "from sklearn.model_selection import train_test_split\n",
    "X_train,X_test,Y_train,y_test=train_test_split(x,y,test_size=0.2,random_state=2562)"
   ]
  },
  {
   "cell_type": "code",
   "execution_count": 186,
   "id": "c6e9b357-7278-47ad-972d-e3acaecec1a0",
   "metadata": {},
   "outputs": [
    {
     "data": {
      "text/plain": [
       "(124,)"
      ]
     },
     "execution_count": 186,
     "metadata": {},
     "output_type": "execute_result"
    }
   ],
   "source": [
    "Y_train.shape"
   ]
  },
  {
   "cell_type": "code",
